ReadMe : 
all features



Model : Lasso(alpha=0.0002763486486486487, max_iter=500000)
TRAIN SCORE : 0.9299682502474976 
TEST SCORE : 0.9187567546261017 


Train Size : 1968
Test Size : 656

GRID SEARCH PARAMATER DICTIONARY
{'cv': 5, 'error_score': nan, 'estimator__alpha': 1.0, 'estimator__copy_X': True, 'estimator__fit_intercept': True, 'estimator__max_iter': 500000, 'estimator__normalize': False, 'estimator__positive': False, 'estimator__precompute': False, 'estimator__random_state': None, 'estimator__selection': 'cyclic', 'estimator__tol': 0.0001, 'estimator__warm_start': False, 'estimator': Lasso(max_iter=500000), 'n_jobs': None, 'param_grid': {'alpha': array([1.00000000e-07, 1.10090090e-06, 2.10180180e-06, 3.10270270e-06,
       4.10360360e-06, 5.10450450e-06, 6.10540541e-06, 7.10630631e-06,
       8.10720721e-06, 9.10810811e-06, 1.01090090e-05, 1.11099099e-05,
       1.21108108e-05, 1.31117117e-05, 1.41126126e-05, 1.51135135e-05,
       1.61144144e-05, 1.71153153e-05, 1.81162162e-05, 1.91171171e-05,
       2.01180180e-05, 2.11189189e-05, 2.21198198e-05, 2.31207207e-05,
       2.41216216e-05, 2.51225225e-05, 2.61234234e-05, 2.71243243e-05,
       2.81252252e-05, 2.91261261e-05, 3.01270270e-05, 3.11279279e-05,
       3.21288288e-05, 3.31297297e-05, 3.41306306e-05, 3.51315315e-05,
       3.61324324e-05, 3.71333333e-05, 3.81342342e-05, 3.91351351e-05,
       4.01360360e-05, 4.11369369e-05, 4.21378378e-05, 4.31387387e-05,
       4.41396396e-05, 4.51405405e-05, 4.61414414e-05, 4.71423423e-05,
       4.81432432e-05, 4.91441441e-05, 5.01450450e-05, 5.11459459e-05,
       5.21468468e-05, 5.31477477e-05, 5.41486486e-05, 5.51495495e-05,
       5.61504505e-05, 5.71513514e-05, 5.81522523e-05, 5.91531532e-05,
       6.01540541e-05, 6.11549550e-05, 6.21558559e-05, 6.31567568e-05,
       6.41576577e-05, 6.51585586e-05, 6.61594595e-05, 6.71603604e-05,
       6.81612613e-05, 6.91621622e-05, 7.01630631e-05, 7.11639640e-05,
       7.21648649e-05, 7.31657658e-05, 7.41666667e-05, 7.51675676e-05,
       7.61684685e-05, 7.71693694e-05, 7.81702703e-05, 7.91711712e-05,
       8.01720721e-05, 8.11729730e-05, 8.21738739e-05, 8.31747748e-05,
       8.41756757e-05, 8.51765766e-05, 8.61774775e-05, 8.71783784e-05,
       8.81792793e-05, 8.91801802e-05, 9.01810811e-05, 9.11819820e-05,
       9.21828829e-05, 9.31837838e-05, 9.41846847e-05, 9.51855856e-05,
       9.61864865e-05, 9.71873874e-05, 9.81882883e-05, 9.91891892e-05,
       1.00190090e-04, 1.01190991e-04, 1.02191892e-04, 1.03192793e-04,
       1.04193694e-04, 1.05194595e-04, 1.06195495e-04, 1.07196396e-04,
       1.08197297e-04, 1.09198198e-04, 1.10199099e-04, 1.11200000e-04,
       1.12200901e-04, 1.13201802e-04, 1.14202703e-04, 1.15203604e-04,
       1.16204505e-04, 1.17205405e-04, 1.18206306e-04, 1.19207207e-04,
       1.20208108e-04, 1.21209009e-04, 1.22209910e-04, 1.23210811e-04,
       1.24211712e-04, 1.25212613e-04, 1.26213514e-04, 1.27214414e-04,
       1.28215315e-04, 1.29216216e-04, 1.30217117e-04, 1.31218018e-04,
       1.32218919e-04, 1.33219820e-04, 1.34220721e-04, 1.35221622e-04,
       1.36222523e-04, 1.37223423e-04, 1.38224324e-04, 1.39225225e-04,
       1.40226126e-04, 1.41227027e-04, 1.42227928e-04, 1.43228829e-04,
       1.44229730e-04, 1.45230631e-04, 1.46231532e-04, 1.47232432e-04,
       1.48233333e-04, 1.49234234e-04, 1.50235135e-04, 1.51236036e-04,
       1.52236937e-04, 1.53237838e-04, 1.54238739e-04, 1.55239640e-04,
       1.56240541e-04, 1.57241441e-04, 1.58242342e-04, 1.59243243e-04,
       1.60244144e-04, 1.61245045e-04, 1.62245946e-04, 1.63246847e-04,
       1.64247748e-04, 1.65248649e-04, 1.66249550e-04, 1.67250450e-04,
       1.68251351e-04, 1.69252252e-04, 1.70253153e-04, 1.71254054e-04,
       1.72254955e-04, 1.73255856e-04, 1.74256757e-04, 1.75257658e-04,
       1.76258559e-04, 1.77259459e-04, 1.78260360e-04, 1.79261261e-04,
       1.80262162e-04, 1.81263063e-04, 1.82263964e-04, 1.83264865e-04,
       1.84265766e-04, 1.85266667e-04, 1.86267568e-04, 1.87268468e-04,
       1.88269369e-04, 1.89270270e-04, 1.90271171e-04, 1.91272072e-04,
       1.92272973e-04, 1.93273874e-04, 1.94274775e-04, 1.95275676e-04,
       1.96276577e-04, 1.97277477e-04, 1.98278378e-04, 1.99279279e-04,
       2.00280180e-04, 2.01281081e-04, 2.02281982e-04, 2.03282883e-04,
       2.04283784e-04, 2.05284685e-04, 2.06285586e-04, 2.07286486e-04,
       2.08287387e-04, 2.09288288e-04, 2.10289189e-04, 2.11290090e-04,
       2.12290991e-04, 2.13291892e-04, 2.14292793e-04, 2.15293694e-04,
       2.16294595e-04, 2.17295495e-04, 2.18296396e-04, 2.19297297e-04,
       2.20298198e-04, 2.21299099e-04, 2.22300000e-04, 2.23300901e-04,
       2.24301802e-04, 2.25302703e-04, 2.26303604e-04, 2.27304505e-04,
       2.28305405e-04, 2.29306306e-04, 2.30307207e-04, 2.31308108e-04,
       2.32309009e-04, 2.33309910e-04, 2.34310811e-04, 2.35311712e-04,
       2.36312613e-04, 2.37313514e-04, 2.38314414e-04, 2.39315315e-04,
       2.40316216e-04, 2.41317117e-04, 2.42318018e-04, 2.43318919e-04,
       2.44319820e-04, 2.45320721e-04, 2.46321622e-04, 2.47322523e-04,
       2.48323423e-04, 2.49324324e-04, 2.50325225e-04, 2.51326126e-04,
       2.52327027e-04, 2.53327928e-04, 2.54328829e-04, 2.55329730e-04,
       2.56330631e-04, 2.57331532e-04, 2.58332432e-04, 2.59333333e-04,
       2.60334234e-04, 2.61335135e-04, 2.62336036e-04, 2.63336937e-04,
       2.64337838e-04, 2.65338739e-04, 2.66339640e-04, 2.67340541e-04,
       2.68341441e-04, 2.69342342e-04, 2.70343243e-04, 2.71344144e-04,
       2.72345045e-04, 2.73345946e-04, 2.74346847e-04, 2.75347748e-04,
       2.76348649e-04, 2.77349550e-04, 2.78350450e-04, 2.79351351e-04,
       2.80352252e-04, 2.81353153e-04, 2.82354054e-04, 2.83354955e-04,
       2.84355856e-04, 2.85356757e-04, 2.86357658e-04, 2.87358559e-04,
       2.88359459e-04, 2.89360360e-04, 2.90361261e-04, 2.91362162e-04,
       2.92363063e-04, 2.93363964e-04, 2.94364865e-04, 2.95365766e-04,
       2.96366667e-04, 2.97367568e-04, 2.98368468e-04, 2.99369369e-04,
       3.00370270e-04, 3.01371171e-04, 3.02372072e-04, 3.03372973e-04,
       3.04373874e-04, 3.05374775e-04, 3.06375676e-04, 3.07376577e-04,
       3.08377477e-04, 3.09378378e-04, 3.10379279e-04, 3.11380180e-04,
       3.12381081e-04, 3.13381982e-04, 3.14382883e-04, 3.15383784e-04,
       3.16384685e-04, 3.17385586e-04, 3.18386486e-04, 3.19387387e-04,
       3.20388288e-04, 3.21389189e-04, 3.22390090e-04, 3.23390991e-04,
       3.24391892e-04, 3.25392793e-04, 3.26393694e-04, 3.27394595e-04,
       3.28395495e-04, 3.29396396e-04, 3.30397297e-04, 3.31398198e-04,
       3.32399099e-04, 3.33400000e-04, 3.34400901e-04, 3.35401802e-04,
       3.36402703e-04, 3.37403604e-04, 3.38404505e-04, 3.39405405e-04,
       3.40406306e-04, 3.41407207e-04, 3.42408108e-04, 3.43409009e-04,
       3.44409910e-04, 3.45410811e-04, 3.46411712e-04, 3.47412613e-04,
       3.48413514e-04, 3.49414414e-04, 3.50415315e-04, 3.51416216e-04,
       3.52417117e-04, 3.53418018e-04, 3.54418919e-04, 3.55419820e-04,
       3.56420721e-04, 3.57421622e-04, 3.58422523e-04, 3.59423423e-04,
       3.60424324e-04, 3.61425225e-04, 3.62426126e-04, 3.63427027e-04,
       3.64427928e-04, 3.65428829e-04, 3.66429730e-04, 3.67430631e-04,
       3.68431532e-04, 3.69432432e-04, 3.70433333e-04, 3.71434234e-04,
       3.72435135e-04, 3.73436036e-04, 3.74436937e-04, 3.75437838e-04,
       3.76438739e-04, 3.77439640e-04, 3.78440541e-04, 3.79441441e-04,
       3.80442342e-04, 3.81443243e-04, 3.82444144e-04, 3.83445045e-04,
       3.84445946e-04, 3.85446847e-04, 3.86447748e-04, 3.87448649e-04,
       3.88449550e-04, 3.89450450e-04, 3.90451351e-04, 3.91452252e-04,
       3.92453153e-04, 3.93454054e-04, 3.94454955e-04, 3.95455856e-04,
       3.96456757e-04, 3.97457658e-04, 3.98458559e-04, 3.99459459e-04,
       4.00460360e-04, 4.01461261e-04, 4.02462162e-04, 4.03463063e-04,
       4.04463964e-04, 4.05464865e-04, 4.06465766e-04, 4.07466667e-04,
       4.08467568e-04, 4.09468468e-04, 4.10469369e-04, 4.11470270e-04,
       4.12471171e-04, 4.13472072e-04, 4.14472973e-04, 4.15473874e-04,
       4.16474775e-04, 4.17475676e-04, 4.18476577e-04, 4.19477477e-04,
       4.20478378e-04, 4.21479279e-04, 4.22480180e-04, 4.23481081e-04,
       4.24481982e-04, 4.25482883e-04, 4.26483784e-04, 4.27484685e-04,
       4.28485586e-04, 4.29486486e-04, 4.30487387e-04, 4.31488288e-04,
       4.32489189e-04, 4.33490090e-04, 4.34490991e-04, 4.35491892e-04,
       4.36492793e-04, 4.37493694e-04, 4.38494595e-04, 4.39495495e-04,
       4.40496396e-04, 4.41497297e-04, 4.42498198e-04, 4.43499099e-04,
       4.44500000e-04, 4.45500901e-04, 4.46501802e-04, 4.47502703e-04,
       4.48503604e-04, 4.49504505e-04, 4.50505405e-04, 4.51506306e-04,
       4.52507207e-04, 4.53508108e-04, 4.54509009e-04, 4.55509910e-04,
       4.56510811e-04, 4.57511712e-04, 4.58512613e-04, 4.59513514e-04,
       4.60514414e-04, 4.61515315e-04, 4.62516216e-04, 4.63517117e-04,
       4.64518018e-04, 4.65518919e-04, 4.66519820e-04, 4.67520721e-04,
       4.68521622e-04, 4.69522523e-04, 4.70523423e-04, 4.71524324e-04,
       4.72525225e-04, 4.73526126e-04, 4.74527027e-04, 4.75527928e-04,
       4.76528829e-04, 4.77529730e-04, 4.78530631e-04, 4.79531532e-04,
       4.80532432e-04, 4.81533333e-04, 4.82534234e-04, 4.83535135e-04,
       4.84536036e-04, 4.85536937e-04, 4.86537838e-04, 4.87538739e-04,
       4.88539640e-04, 4.89540541e-04, 4.90541441e-04, 4.91542342e-04,
       4.92543243e-04, 4.93544144e-04, 4.94545045e-04, 4.95545946e-04,
       4.96546847e-04, 4.97547748e-04, 4.98548649e-04, 4.99549550e-04,
       5.00550450e-04, 5.01551351e-04, 5.02552252e-04, 5.03553153e-04,
       5.04554054e-04, 5.05554955e-04, 5.06555856e-04, 5.07556757e-04,
       5.08557658e-04, 5.09558559e-04, 5.10559459e-04, 5.11560360e-04,
       5.12561261e-04, 5.13562162e-04, 5.14563063e-04, 5.15563964e-04,
       5.16564865e-04, 5.17565766e-04, 5.18566667e-04, 5.19567568e-04,
       5.20568468e-04, 5.21569369e-04, 5.22570270e-04, 5.23571171e-04,
       5.24572072e-04, 5.25572973e-04, 5.26573874e-04, 5.27574775e-04,
       5.28575676e-04, 5.29576577e-04, 5.30577477e-04, 5.31578378e-04,
       5.32579279e-04, 5.33580180e-04, 5.34581081e-04, 5.35581982e-04,
       5.36582883e-04, 5.37583784e-04, 5.38584685e-04, 5.39585586e-04,
       5.40586486e-04, 5.41587387e-04, 5.42588288e-04, 5.43589189e-04,
       5.44590090e-04, 5.45590991e-04, 5.46591892e-04, 5.47592793e-04,
       5.48593694e-04, 5.49594595e-04, 5.50595495e-04, 5.51596396e-04,
       5.52597297e-04, 5.53598198e-04, 5.54599099e-04, 5.55600000e-04,
       5.56600901e-04, 5.57601802e-04, 5.58602703e-04, 5.59603604e-04,
       5.60604505e-04, 5.61605405e-04, 5.62606306e-04, 5.63607207e-04,
       5.64608108e-04, 5.65609009e-04, 5.66609910e-04, 5.67610811e-04,
       5.68611712e-04, 5.69612613e-04, 5.70613514e-04, 5.71614414e-04,
       5.72615315e-04, 5.73616216e-04, 5.74617117e-04, 5.75618018e-04,
       5.76618919e-04, 5.77619820e-04, 5.78620721e-04, 5.79621622e-04,
       5.80622523e-04, 5.81623423e-04, 5.82624324e-04, 5.83625225e-04,
       5.84626126e-04, 5.85627027e-04, 5.86627928e-04, 5.87628829e-04,
       5.88629730e-04, 5.89630631e-04, 5.90631532e-04, 5.91632432e-04,
       5.92633333e-04, 5.93634234e-04, 5.94635135e-04, 5.95636036e-04,
       5.96636937e-04, 5.97637838e-04, 5.98638739e-04, 5.99639640e-04,
       6.00640541e-04, 6.01641441e-04, 6.02642342e-04, 6.03643243e-04,
       6.04644144e-04, 6.05645045e-04, 6.06645946e-04, 6.07646847e-04,
       6.08647748e-04, 6.09648649e-04, 6.10649550e-04, 6.11650450e-04,
       6.12651351e-04, 6.13652252e-04, 6.14653153e-04, 6.15654054e-04,
       6.16654955e-04, 6.17655856e-04, 6.18656757e-04, 6.19657658e-04,
       6.20658559e-04, 6.21659459e-04, 6.22660360e-04, 6.23661261e-04,
       6.24662162e-04, 6.25663063e-04, 6.26663964e-04, 6.27664865e-04,
       6.28665766e-04, 6.29666667e-04, 6.30667568e-04, 6.31668468e-04,
       6.32669369e-04, 6.33670270e-04, 6.34671171e-04, 6.35672072e-04,
       6.36672973e-04, 6.37673874e-04, 6.38674775e-04, 6.39675676e-04,
       6.40676577e-04, 6.41677477e-04, 6.42678378e-04, 6.43679279e-04,
       6.44680180e-04, 6.45681081e-04, 6.46681982e-04, 6.47682883e-04,
       6.48683784e-04, 6.49684685e-04, 6.50685586e-04, 6.51686486e-04,
       6.52687387e-04, 6.53688288e-04, 6.54689189e-04, 6.55690090e-04,
       6.56690991e-04, 6.57691892e-04, 6.58692793e-04, 6.59693694e-04,
       6.60694595e-04, 6.61695495e-04, 6.62696396e-04, 6.63697297e-04,
       6.64698198e-04, 6.65699099e-04, 6.66700000e-04, 6.67700901e-04,
       6.68701802e-04, 6.69702703e-04, 6.70703604e-04, 6.71704505e-04,
       6.72705405e-04, 6.73706306e-04, 6.74707207e-04, 6.75708108e-04,
       6.76709009e-04, 6.77709910e-04, 6.78710811e-04, 6.79711712e-04,
       6.80712613e-04, 6.81713514e-04, 6.82714414e-04, 6.83715315e-04,
       6.84716216e-04, 6.85717117e-04, 6.86718018e-04, 6.87718919e-04,
       6.88719820e-04, 6.89720721e-04, 6.90721622e-04, 6.91722523e-04,
       6.92723423e-04, 6.93724324e-04, 6.94725225e-04, 6.95726126e-04,
       6.96727027e-04, 6.97727928e-04, 6.98728829e-04, 6.99729730e-04,
       7.00730631e-04, 7.01731532e-04, 7.02732432e-04, 7.03733333e-04,
       7.04734234e-04, 7.05735135e-04, 7.06736036e-04, 7.07736937e-04,
       7.08737838e-04, 7.09738739e-04, 7.10739640e-04, 7.11740541e-04,
       7.12741441e-04, 7.13742342e-04, 7.14743243e-04, 7.15744144e-04,
       7.16745045e-04, 7.17745946e-04, 7.18746847e-04, 7.19747748e-04,
       7.20748649e-04, 7.21749550e-04, 7.22750450e-04, 7.23751351e-04,
       7.24752252e-04, 7.25753153e-04, 7.26754054e-04, 7.27754955e-04,
       7.28755856e-04, 7.29756757e-04, 7.30757658e-04, 7.31758559e-04,
       7.32759459e-04, 7.33760360e-04, 7.34761261e-04, 7.35762162e-04,
       7.36763063e-04, 7.37763964e-04, 7.38764865e-04, 7.39765766e-04,
       7.40766667e-04, 7.41767568e-04, 7.42768468e-04, 7.43769369e-04,
       7.44770270e-04, 7.45771171e-04, 7.46772072e-04, 7.47772973e-04,
       7.48773874e-04, 7.49774775e-04, 7.50775676e-04, 7.51776577e-04,
       7.52777477e-04, 7.53778378e-04, 7.54779279e-04, 7.55780180e-04,
       7.56781081e-04, 7.57781982e-04, 7.58782883e-04, 7.59783784e-04,
       7.60784685e-04, 7.61785586e-04, 7.62786486e-04, 7.63787387e-04,
       7.64788288e-04, 7.65789189e-04, 7.66790090e-04, 7.67790991e-04,
       7.68791892e-04, 7.69792793e-04, 7.70793694e-04, 7.71794595e-04,
       7.72795495e-04, 7.73796396e-04, 7.74797297e-04, 7.75798198e-04,
       7.76799099e-04, 7.77800000e-04, 7.78800901e-04, 7.79801802e-04,
       7.80802703e-04, 7.81803604e-04, 7.82804505e-04, 7.83805405e-04,
       7.84806306e-04, 7.85807207e-04, 7.86808108e-04, 7.87809009e-04,
       7.88809910e-04, 7.89810811e-04, 7.90811712e-04, 7.91812613e-04,
       7.92813514e-04, 7.93814414e-04, 7.94815315e-04, 7.95816216e-04,
       7.96817117e-04, 7.97818018e-04, 7.98818919e-04, 7.99819820e-04,
       8.00820721e-04, 8.01821622e-04, 8.02822523e-04, 8.03823423e-04,
       8.04824324e-04, 8.05825225e-04, 8.06826126e-04, 8.07827027e-04,
       8.08827928e-04, 8.09828829e-04, 8.10829730e-04, 8.11830631e-04,
       8.12831532e-04, 8.13832432e-04, 8.14833333e-04, 8.15834234e-04,
       8.16835135e-04, 8.17836036e-04, 8.18836937e-04, 8.19837838e-04,
       8.20838739e-04, 8.21839640e-04, 8.22840541e-04, 8.23841441e-04,
       8.24842342e-04, 8.25843243e-04, 8.26844144e-04, 8.27845045e-04,
       8.28845946e-04, 8.29846847e-04, 8.30847748e-04, 8.31848649e-04,
       8.32849550e-04, 8.33850450e-04, 8.34851351e-04, 8.35852252e-04,
       8.36853153e-04, 8.37854054e-04, 8.38854955e-04, 8.39855856e-04,
       8.40856757e-04, 8.41857658e-04, 8.42858559e-04, 8.43859459e-04,
       8.44860360e-04, 8.45861261e-04, 8.46862162e-04, 8.47863063e-04,
       8.48863964e-04, 8.49864865e-04, 8.50865766e-04, 8.51866667e-04,
       8.52867568e-04, 8.53868468e-04, 8.54869369e-04, 8.55870270e-04,
       8.56871171e-04, 8.57872072e-04, 8.58872973e-04, 8.59873874e-04,
       8.60874775e-04, 8.61875676e-04, 8.62876577e-04, 8.63877477e-04,
       8.64878378e-04, 8.65879279e-04, 8.66880180e-04, 8.67881081e-04,
       8.68881982e-04, 8.69882883e-04, 8.70883784e-04, 8.71884685e-04,
       8.72885586e-04, 8.73886486e-04, 8.74887387e-04, 8.75888288e-04,
       8.76889189e-04, 8.77890090e-04, 8.78890991e-04, 8.79891892e-04,
       8.80892793e-04, 8.81893694e-04, 8.82894595e-04, 8.83895495e-04,
       8.84896396e-04, 8.85897297e-04, 8.86898198e-04, 8.87899099e-04,
       8.88900000e-04, 8.89900901e-04, 8.90901802e-04, 8.91902703e-04,
       8.92903604e-04, 8.93904505e-04, 8.94905405e-04, 8.95906306e-04,
       8.96907207e-04, 8.97908108e-04, 8.98909009e-04, 8.99909910e-04,
       9.00910811e-04, 9.01911712e-04, 9.02912613e-04, 9.03913514e-04,
       9.04914414e-04, 9.05915315e-04, 9.06916216e-04, 9.07917117e-04,
       9.08918018e-04, 9.09918919e-04, 9.10919820e-04, 9.11920721e-04,
       9.12921622e-04, 9.13922523e-04, 9.14923423e-04, 9.15924324e-04,
       9.16925225e-04, 9.17926126e-04, 9.18927027e-04, 9.19927928e-04,
       9.20928829e-04, 9.21929730e-04, 9.22930631e-04, 9.23931532e-04,
       9.24932432e-04, 9.25933333e-04, 9.26934234e-04, 9.27935135e-04,
       9.28936036e-04, 9.29936937e-04, 9.30937838e-04, 9.31938739e-04,
       9.32939640e-04, 9.33940541e-04, 9.34941441e-04, 9.35942342e-04,
       9.36943243e-04, 9.37944144e-04, 9.38945045e-04, 9.39945946e-04,
       9.40946847e-04, 9.41947748e-04, 9.42948649e-04, 9.43949550e-04,
       9.44950450e-04, 9.45951351e-04, 9.46952252e-04, 9.47953153e-04,
       9.48954054e-04, 9.49954955e-04, 9.50955856e-04, 9.51956757e-04,
       9.52957658e-04, 9.53958559e-04, 9.54959459e-04, 9.55960360e-04,
       9.56961261e-04, 9.57962162e-04, 9.58963063e-04, 9.59963964e-04,
       9.60964865e-04, 9.61965766e-04, 9.62966667e-04, 9.63967568e-04,
       9.64968468e-04, 9.65969369e-04, 9.66970270e-04, 9.67971171e-04,
       9.68972072e-04, 9.69972973e-04, 9.70973874e-04, 9.71974775e-04,
       9.72975676e-04, 9.73976577e-04, 9.74977477e-04, 9.75978378e-04,
       9.76979279e-04, 9.77980180e-04, 9.78981081e-04, 9.79981982e-04,
       9.80982883e-04, 9.81983784e-04, 9.82984685e-04, 9.83985586e-04,
       9.84986486e-04, 9.85987387e-04, 9.86988288e-04, 9.87989189e-04,
       9.88990090e-04, 9.89990991e-04, 9.90991892e-04, 9.91992793e-04,
       9.92993694e-04, 9.93994595e-04, 9.94995495e-04, 9.95996396e-04,
       9.96997297e-04, 9.97998198e-04, 9.98999099e-04, 1.00000000e-03])}, 'pre_dispatch': '2*n_jobs', 'refit': True, 'return_train_score': False, 'scoring': None, 'verbose': 0}

BEST ESTIMATOR PARAMATER DICTIONARY
                      0
alpha          0.000276
copy_X             True
fit_intercept      True
max_iter         500000
normalize         False
positive          False
precompute        False
random_state       None
selection        cyclic
tol              0.0001
warm_start        False

